3213
1231
2133213
1231
2133213
1231
2133213
1231
2133213
1231
2133213
1231
2133213
1231
2133213
1231
2133213
1231
2133213
1231
2133213
1231
2133213
1231
2133213
1231
2133213
1231
2133213
1231
2133213
1231
2133213
1231
2133213
1231
2133213
1231
2133213
1231
2133213
1231
2133213
1231
2133213
1231
2133213
1231
2133213
1231
2133213
1231
2133213
1231
2133213
1231
2133213
1231
2133213
1231
2133213
1231
2133213
1231
2133213
1231
2133213
1231
2133213
1231
2133213
1231
2133213
1231
2133213
1231
2133213
1231
2133213
1231
2133213
1231
2133213
1231
2133213
1231
2133213
1231
2133213
1231
2133213
1231
2133213
1231
2133213
1231
2133213
1231
2133213
1231
2133213
1231
2133213
1231
2133213
1231
2133213
1231
2133213
1231
2133213
1231
2133213
1231
2133213
1231
2133213
1231
2133213
1231
2133213
1231
2133213
1231
2133213
1231
2133213
1231
2133213
1231
2133213
1231
2133213
1231
2133213
1231
2133213
1231
2133213
1231
2133213
1231
2133213
1231
2133213
1231
2133213
1231
2133213
1231
2133213
1231
2133213
1231
2133213
1231
2133213
1231
2133213
1231
2133213
1231
2133213
1231
2133213
1231
2133213
1231
2133213
1231
2133213
1231
2133213
1231
2133213
1231
2133213
1231
2133213
1231
2133213
1231
2133213
1231
2133213
1231
2133213
1231
2133213
1231
2133213
1231
2133213
1231
2133213
1231
2133213
1231
2133213
1231
2133213
1231
2133213
1231
2133213
1231
2133213
1231
2133213
1231
2133213
1231
2133213
1231
2133213
1231
2133213
1231
2133213
1231
2133213
1231
2133213
1231
2133213
1231
2133213
1231
2133213
1231
2133213
1231
2133213
1231
2133213
1231
2133213
1231
2133213
1231
2133213
1231
2133213
1231
2133213
1231
213
